310115198503117892
310115200403264254
310115198909065113
310115200412043859
310115196909012637
310115197004181537
310115196704097956
310115198502116134
310115196901286297
31011519941209401X
421126199810202739
421126198311154694
421126197302179019
421126200303104355
421126197208217373
421126196210133238
421126200309035215
421126196109289676
421126198401231518
421126199110211757
421126197905233571
421126199009278092
42112619951228465X
421126196803237913
421126199105116931
421126196206113496
421126197412055631
421126200306234278
42112619670418481X
421126199203087054
